496190
441937
139889
294110
599363
636362
446776
163940
581300
410098
590748
234340
419758
309576
823938
880497
778103
663922
559164
733375
715065
998229
876864
186829
362294
195399
239647
412727
796140
975902
720672
928451
602949
343356
676661
671301
893564
263897
724646
305214
282107
480997
195148
977188
229205
210181
923698
893087
351004
215481
530795
274739
757311
313092
413543
809518
522765
394731
871348
618288
682713
906613
620906
882185
458714
849396
163951
379288
323981
713206
644215
657058
856539
628476
100362
467577
484320
993193
622528
576936
485184
671442
114381
287495
197142
430719
709755
649851
482638
901169
986591
583301
723430
184059
210676
897723
283251
734223
119068
360388
204713
733014
898737
324355
796442
833152
307794
520416
293245
387316
793120
758031
893121
670762
703187
683622
795421
331066
990797
539731
203659
614524
215804
225702
586142
189198
362047
841470
516493
910248
405633
728433
507765
560526
899647
424662
791798
303559
689345
821126
837124
294306
689474
506166
320908
600672
324322
692767
109895
204948
362159
775809
646244
449960
723921
307745
754853
136061
968705
113733
518207
851786
686325
309178
304686
908622
185774
423434
122950
426194
379908
896672
443207
296325
370320
175114
614189
315351
558086
143549
646320
349363
509555
419608
221330
956132
230562
835616
765731
157503
871605
299134
295411
252992
323812
473570
979711
449441
122849
619430
146644
200230
122266
230081
509446
685974
757122
876845
540369
244440
939404
374813
199859
718778
648835
669057
364874
933045
184109
428612
504186
333197
693241
616425
301774
658692
255179
652295
860653
692609
321246
144327
835645
638862
825428
873379
890764
874693
593077
399120
822239
554739
233513
725598
568802
125735
638718
877324
351364
704934
561888
654146
907473
907812
202592
906261
654648
997353
947693
143130
544406
153529
768028
253720
439401
672045
892174
162135
341891
728283
644708
868975
914575
405231
952163
881134
138655
662044
245982
265502
918121
305500
916232
667391
289815
621221
341957
380089
566878
656747
334741
313072
590529
723508
511518
295942
113967
554925
924638
925632
731128
311857
906667
830764
862820
733141
157580
927202
288858
763889
112702
201445
628401
444721
838779
243483
208993
220431
427827
397270
592493
338635
603775
668901
416277
713669
544636
972007
795190
107357
633787
324512
708997
874502
313227
559579
957730
632452
699567
875902
670078
519666
358264
671396
681202
321849
838643
439632
795738
532598
443423
881302
717256
277483
406339
374936
766010
988346
266875
287210
407431
211993
480190
179806
397749
584786
289518
796487
536990
346904
860822
540995
872040
713540
579515
633593
241337
854780
687855
264332
992953
439757
259424
791454
408675
856676
407245
512684
833809
119063
744721
506093
777285
292174
782366
293787
768282
101732
591490
921012
544255
894160
918379
781309
534438
547826
920496
192722
800613
351966
918371
474542
450572
908585
163964
610256
206772
509008
336881
625590
546808
608370
473247
399886
359236
893552
607067
314080
121762
538651
550275
166424
493078
341373
212540
821242
343205
990078
442455
143668
175670
671180
760463
303880
153026
190531
449572
340710
647107
396500
501170
780059
106072
383161
142158
166943
724348
354308
348860
959192
100597
617987
876733
116980
237704
618382
373612
573822
770110
219707
339811
175151
678378
495148
885880
685553
931832
733854
110101
466051
407007
851470
366392
104347
856763
453420
139305
796522
320987
935236
749654
604730
968081
598714
604518
852540
888171
271818
810837
744913
113195
309795
970230
705289
901548
214518
383818
396649
517232
319746
896042
617683
661113
746923
267129
670825
324409
910849
515262
920725
993116
182927
730143
735341
549674
428486
175344
768228
171295
914070
281368
314736
295765
830299
506979
581539
242012
729072
686228
484278
516454
823355
666952
895340
317666
641967
321059
933406
435767
172071
401391
614143
245557
420703
131965
338052
853104
668803
921927
779423
598206
494740
146464
652225
711326
430313
137285
655316
868656
232243
781999
855058
540944
266360
476927
595179
904806
457418
498395
649586
778664
624065
672645
623076
448202
558124
774928
544535
503473
949718
733000
316455
507757
881508
653646
575155
597500
636787
786191
519827
413633
871382
614748
886383
664484
821495
248134
399816
209132
397266
124834
192673
490530
649509
486770
826554
938819
970582
818981
948613
940218
682566
780644
178316
274336
767426
910886
937590
669724
989588
911126
854606
993815
650357
759280
428452
148746
642824
739062
272471
788300
689537
533726
487518
736454
373355
229495
640764
181974
460764
440855
995977
254262
532757
494897
320490
723790
850512
848080
547243
586694
717572
562935
697852
621569
811639
198110
114747
348364
734344
937048
652666
437779
582957
842909
782911
903255
503720
245652
236368
759434
819136
535666
918793
756577
367159
481272
440182
726209
193000
254268
937814
437822
634925
635127
908296
235759
660994
581586
253311
973798
556908
315785
440251
433695
596901
573009
467341
818364
292510
427472
257366
552084
449044
448406
360786
379979
554409
669547
501396
669732
892955
617221
761286
154405
297750
923913
952675
791601
293906
104554
686708
992124
158625
114380
887570
555917
143181
689640
347019
995485
246888
646945
747172
601816
697563
370285
337467
181250
660513
422390
513412
246677
568279
994871
137971
575584
840597
684237
545502
913240
434594
887545
937563
643101
329769
345995
172112
971030
514089
171627
372318
367122
163909
577976
835720
784987
625592
705315
765700
170245
458182
120162
279515
535716
646558
981510
464973
889779
910059
843432
643400
873016
685504
238614
342407
391037
652165
345183
575938
156284
809492
943365
291391
775390
505050
316191
829217
981110
525992
967753
868548
231418
351189
334952
420746
960000
554422
293999
234655
292171
986924
330838
700125
497812
978903
250292
375742
854467
950001
338568
752224
606509
578520
909469
963266
827501
256451
945884
171044
123928
650860
776771
779505
366544
991811
841339
563299
496938
692135
589480
816054
566997
887742
901987
836579
684394
278630
934038
678333
437895
863101
872452
857686
806706
258386
627793
592975
469990
787966
651098
933095
253272
831689
961117
783245
445118
257116
716214
342884
859769
485427
526923
624315
804187
290744
238944
498494
446947
433089
150069
269686
134316
758248
181368
797346
670099
437981
566146
474026
824616
773043
544031
234588
933250
852020
556958
329419
377798
705885
468195
406054
357625
669589
163966
721484
104525
822494
893580
955250
947330
830497
112735
997732
502262
268718
301756
367152
896903
729043
773359
713489
313200
438517
852161
461626
977834
346802
843783
779399
469498
834145
180713
395801
266617
806154
456541
111923
655997
742917
849920
959440
142480
438957
221645
765769
783027
204361
293748
382989
664655
392248
228327
829845
977273
377576
918601
319654
871461
159308
541386
264265
182333
996040
877832
408126
928714
424527
311179
255198
452450
620843
619378
998460
955221
251582
502329
905676
556200
362767
836062
770788
183773
256788
812001
635399
744686
273268
472072
270303
830954
292484
151013
268170
188526
288553
397546
627058
922140
443119
949075
271566
746921
757514
299603
535221
944265
639323
697288
845696
879504
335969
214721
740365
540259
725571
341750
157288
894374
854510
133723
477165
909954
211719
675134
580251
418702
121499
913677
911219
333812
514125
140101
486533
193603
167409
966945
286269
149420
854257
827211
328600
795294
604814
203378
142561
749272
295958
702121
690166
978488
945455
520726
356806
762095
516481
159160
395867
929993
664772
616887
116973
929215
199626
336222
162756
495256
520966
397103
223490
381558
289985
925608
134439
488006
899799
854432
245561
578482
859852
241941
350864
955139
202882
378701
243051
474971
319049
149969
903726
491101
970481
381954
497089
196923
385129
584845
266255
479680
552391
620093
777106
243879
787864
309150
501906
417838
667661
190712
159119
209284
166174
440481
152368
521732
736603
524962
711766
166916
955057
823243
346106
662819
913905
859734
322170
943790
368919
606573
432828
968498
378808
719678
412052
916152
423064
561986
592703
773342
892341
665512
693851
497653
909409
552191
134367
632453
388053
878649
662433
722009
411850
150059
884266
359270
994146
329058
756752
248163
686290
979578
707853
368306
167864
132372
604335
585433
827569
377997
710977
636410
819257
584484
854824
586799
495173
357545
423242
138830
938162
135259
839481
849216
287993
944930
872460
213131
361842
772286
767144
941540
583933
214313
839609
821423
644577
413682
120450
750668
726459
146561
513457
715590
821982
499639
603380
468180
363095
863418
363980
568403
787899
220016
236756
186259
194058
552630
330205
726878
514468
745324
603325
466126
692407
466066
869796
851322
732877
673854
479214
771525
133099
269675
385874
339062
115505
644702
775861
122361
907393
629421
918557
160937
945047
403897
515654
822871
373914
515727
130626
759700
422977
328997
889408
331101
923052
524773
686038
760144
436867
512727
258318
201045
754117
941673
711488
729505
223345
450091
519111
394672
728541
865972
224629
764564
666566
709053
989495
136947
114704
353984
238977
717504
932319
865390
811574
812380
886652
304919
320431
237766
771099
621004
822459
788106
239528
700724
458736
936179
386886
707030
808622
145034
612339
410603
540478
569245
854859
835662
696907
203018
251976
115126
249517
580092
675134
696663
554054
639110
931545
601843
833425
769297
778266
983180
909900
288514
842939
581204
640859
185252
866384
616933
350870
639952
209685
986331
585865
499815
608563
257047
732959
673097
859654
587699
173936
595759
263448
251799
138236
972489
511258
984585
848706
847153
407453
447761
358610
843584
681075
716354
755409
237611
298012
670507
537845
920313
380435
874030
921821
931745
306473
660286
825356
179394
156686
459946
341108
319118
548395
184376
367041
158485
454616
686532
876652
574166
454539
178349
501365
900805
521604
860728
471947
580844
797504
995840
944612
557102
960347
937295
122425
397750
294846
593585
904593
852434
231894
738607
536846
864305
599052
632942
451525
602347
751620
735805
179051
189068
423707
923399
592330
233004
862887
639317
505576
475579
664477
790516
786108
220861
429086
313691
234582
590385
878984
188588
938039
758772
270367
579050
824243
909914
294096
275564
437898
381273
517586
513090
120016
492351
520974
466555
348592
966297
351381
373442
262147
650933
178584
515190
555930
983335
734431
128404
958365
929980
958275
353093
159221
804110
392172
344255
888737
303887
951815
473134
557385
924339
501870
783300
633406
609306
190722
681126
557717
645560
999304
212094
319171
672055
846790
881249
250611
356307
742997
170430
145913
579491
825359
145875
927452
267752
477538
808089
140945
232096
203513
213874
973861
249976
104827
178675
745160
722726
323108
236934
107561
608854
821976
829966
728733
989839
923013
513969
730092
849646
245925
475026
946631
539899
624008
143716
345488
427593
196121
229049
775553
765348
253188
832946
915566
383594
838216
877094
427444
918227
884618
684983
962974
178575
219709
395468
912702
895162
419097
338459
940735
462336
706331
421746
183972
900279
360999
438085
517688
838511
691557
151419
870984
537222
795738
942558
284879
902383
414491
367906
612682
335109
138424
467795
140701
883616
766240
769401
256107
418383
587580
976157
901186
965705
242331
440642
669515
488105
113355
502647
231603
919174
647647
161789
708672
181959
797833
659013
892865
633924
185349
546999
592910
392850
575575
442069
342910
187704
701886
717766
212369
773930
131982
383419
121862
918224
425729
737154
258365
608756
800229
877177
782196
956047
506778
183595
637252
635109
731530
225230
897926
520772
466958
959979
689042
730229
799722
499155
816585
496680
758347
391648
565536
604892
419733
596037
789558
997150
756492
930223
320176
247044
486319
487079
721431
220494
237248
428635
997614
274714
391806
227889
470706
421618
141594
360769
304940
189413
539599
269717
196702
122751
352232
337805
512666
155511
308626
149933
730817
833690
847327
926202
835667
245860
385811
337381
113346
242105
194761
221999
908858
945924
363243
152679
659725
726459
519198
339200
802173
782297
363295
521834
319570
110844
520426
416352
743842
716374
708311
275122
228863
759181
488730
182849
999228
203683
572532
227987
724390
216065
690946
309011
939001
575533
456302
317715
440943
744490
396804
182690
606246
736178
239345
253632
217153
568113
320083
462799
936963
646322
968275
589190
170760
511522
382874
370926
493512
973608
882263
917996
378910
761605
782505
835086
618846
876081
800690
544636
816196
793527
859004
424657
915202
185878
403195
121778
554457
873170
831694
739778
933750
188123
425528
327693
665650
413036
720790
544861
385545
700470
164341
805929
985408
618864
166034
977509
789238
957303
500415
480995
566693
717845
975424
575156
398858
561728
968835
468593
993661
819538
740600
754674
549142
496335
429340
832909
803939
642050
625402
331069
416554
287306
616354
378428
271438
191903
377436
238728
953123
101341
558695
707758
270280
522764
233284
194727
261875
304378
979680
999031
387736
679937
714070
326416
836054
993882
599371
674885
801103
721085
429970
171488
262841
928946
304904
562360
939216
161634
475853
559710
308322
662203
678047
269936
837912
834721
205824
399002
135177
167388
736459
497839
550920
103107
162630
282063
480665
672498
811631
374966
762662
678207
155357
699533
210736
163760
820470
583350
623109
735598
155589
181671
195978
248538
106233
329957
433677
488002
765808
539498
229216
619850
127623
889985
463894
912765
502431
636624
789825
484001
614595
166564
994347
870380
794808
147757
543031
850404
273128
658255
418086
406005
572662
258190
116575
584906
865411
730957
658428
500558
414039
440068
998440
929460
849714
911766
173488
360551
702305
550202
395261
103168
848637
686717
873155
366499
550593
176268
319906
375940
984659
171585
377680
207947
448209
585533
714415
128974
267114
898446
753160
256270
361010
600386
354024
259271
242206
683113
843060
105658
261985
163210
247522
436289
955830
314486
260724
242764
270941
814685
461501
371110
563215
849488
655510
207991
462972
200511
505816
554293
858213
273338
877462
421331
919419
531339
190033
475883
405230
524940
107585
142050
703402
504846
139167
683544
602375
800787
317290
825678
899447
863476
418233
950507
722430
801414
992170
397286
855440
307094
467750
173785
661241
327991
949555
194372
999986
137571
134502
500009
255377
735649
304103
185595
622495
759363
376866
987630
497009
191094
545111
357803
691628
269629
922074
690991
246653
973495
998004
244302
931134
431341
739319
756663
866092
336106
134796
869622
610515
807940
515416
414650
577179
122745
158835
736807
993924
430763
199138
995615
545689
470253
467886
892496
968034
350611
764924
441736
228400
188664
220242
928412
577505
443846
292078
742441
470244
352488
694039
887679
798334
509013
581119
219859
691605
809195
126738
106426
958035
491298
289451
510802
783578
866694
675710
917859
750304
508501
305102
365755
888344
372978
923736
259683
408432
428888
598039
409116
777940
631779
679954
865423
712391
592424
797077
835454
897239
490291
820235
916938
783724
667921
469430
555661
528331
162980
721770
475543
491118
862197
881593
817782
772354
166293
895807
601619
287292
158551
836469
652407
132922
192197
948292
978806
957174
580519
452430
198635
656823
778360
620623
875718
557743
546667
831846
201290
296251
901391
641009
290936
137265
133169
135550
254436
936489
578016
800301
600270
600511
135233
427390
454716
357236
410489
369605
735146
350992
202204
363909
834182
348342
407555
600880
195142
966944
678238
283769
148373
123075
808375
432092
395623
814531
481444
626572
327969
119468
693657
888861
273643
456061
245082
980699
874930
213477
918354
224554
895470
582679
997163
299633
818807
273947
485825
706235
782606
482791
778570
650455
650209
602973
433423
838682
624858
610000
359884
579528
914337
731513
534434
790391
763130
868774
775791
804312
197999
535099
164834
677031
250399
601320
851744
200757
593726
391241
116715
871523
361768
334061
539718
286494
568779
112164
300888
530580
534707
413664
667007
459422
515359
872548
840382
754625
199952
373548
352217
862008
378795
867518
387209
792512
422905
251589
670462
282224
817692
226428
856518
842223
172791
865024
847364
688667
966083
251754
824951
191060
941175
300163
396925
987464
757391
940845
681455
639046
701064
979379
585324
830174
237010
888619
925010
728311
789870
351440
175044
604602
191760
911375
684986
491238
668756
568200
633351
949671
612552
918486
814471
136473
330095
549700
959918
318887
589304
464363
725539
271361
783983
421059
355478
456728
644879
685732
351707
248658
938511
507227
424497
687147
336165
243232
637008
800539
188928
512928
437441
400579
464701
264769
697394
316761
597025
830963
572645
213561
968812
451257
384239
399522
518996
259640
931722
364370
250390
864468
937020
343595
959464
766492
508237
858248
757422
526280
332856
857285
346807
805157
105499
583035
740569
963815
710270
359523
331771
440299
734222
475182
538152
255576
326064
671130
471101
610139
503163
207764
547573
866361
860456
190211
422638
501874
566853
703172
987756
359280
777225
709607
829593
903942
718014
947227
466988
274049
417688
125025
938240
814133
130028
917415
284436
746449
378747
727707
642967
349417
330998
606502
925658
723277
213171
169544
230633
609241
689961
841600
680165
732671
131698
518974
411272
897333
991022
654463
339293
318247
994626
201119
306156
903402
270142
452754
510615
182620
132271
853273
282058
914922
277112
295825
843464
427643
951404
334051
565924
345117
945542
359696
651902
381439
230529
945646
825649
678900
233734
549650
601228
725787
724242
604594
447055
481580
889750
451019
424147
357382
397655
490353
712596
937676
289986
117515
600634
704216
499648
515030
533725
530765
862610
580391
748596
958994
997888
837568
420934
436542
575413
416765
455160
766907
920487
162882
745206
331981
520234
698258
200011
465302
665603
413106
667246
346219
496638
937849
767831
982032
570174
211362
889826
509267
380654
924632
777864
322734
731606
122343
127142
651467
811656
302559
310036
348152
183375
934673
861729
982618
581205
772035
980761
368340
348193
994072
418521
455739
151381
824706
722478
219434
707015
128666
657558
364594
202675
460165
786055
977971
744958
728786
417488
179510
618247
315327
532154
160760
311378
228717
237720
139531
981063
131509
187963
988367
995625
830686
577566
465540
778218
261125
231258
411854
583511
428238
925674
912617
401868
246081
977107
851817
420526
281007
431915
779990
765130
690988
350474
998778
431894
733632
873962
620950
269649
846724
584715
645169
796500
707085
818290
885297
578406
415132
882207
473314
496883
352707
661616
390500
555052
124042
761549
688760
628740
169928
459596
993935
790116
702920
606239
243099
961869
652049
611868
452531
672426
453307
188263
557827
523030
450132
186768
416241
850067
833392
321859
296839
758859
495800
307575
796777
179627
170767
628886
434653
192432
258532
156253
354891
529821
445162
423685
896935
532298
159515
883666
463958
932447
120932
249847
992850
696877
699379
931946
761662
707824
298616
537253
675109
368244
671395
829595
823737
705228
488133
441930
731534
374844
406865
827646
223847
810155
411162
916967
953377
324915
918884
213670
599066
481722
155053
157373
173666
805689
378911
403705
562348
321179
284028
496730
434753
992320
837694
976940
430465
395844
217873
637547
203743
403775
896794
458769
532731
637407
808988
830436
995148
225523
254522
287124
228240
758135
981313
867689
387791
361299
946010
877389
682674
337076
154293
828702
145223
131815
687190
464083
513770
299953
692861
624535
572700
217718
863414
315001
308660
305026
627696
311555
961125
770219
462957
881969
731219
856094
285799
380957
132533
982283
359518
737206
992235
503453
565586
562847
755375
466527
479523
669354
637892
602212
246064
160371
324682
851217
883173
171031
269085
324610
503054
220070
328974
696440
752236
115375
602231
474192
284735
185466
752273
872517
900133
963992
878802
943332
284519
179064
230344
895228
915185
894335
376614
944820
221167
528134
186999
165110
506413
949251
545362
866759
535270
429638
640726
669511
232028
396695
596835
985878
514198
812031
558114
308348
401272
903668
248308
620757
120867
686492
287039
254735
138515
738346
916077
797693
482285
889533
512423
100591
905997
751911
849511
266476
402499
846813
698130
898837
533465
816434
476640
390577
143461
371211
451191
325371
105028
664116
279049
640609
272383
311980
423912
607881
114545
713772
215872
617554
724023
262507
459756
579939
865677
609536
934438
769491
584107
249059
195547
138627
871223
856425
160375
766109
387974
622378
933686
244742
302034
622909
198261
637113
772352
245639
680815
727810
176443
728252
474142
948201
945085
690348
425068
707783
463593
253622
555733
276222
771021
560218
786807
689028
177546
848228
760483
788523
856909
536004
995533
420129
716072
291020
584764
395523
583759
840536
727694
997554
192844
359457
714409
661541
331083
352078
298942
471870
129640
988081
618692
774263
533942
348262
846194
378114
994037
198509
810225
332969
552860
444754
169882
651923
248217
957319
443616
105641
301993
162729
675545
422829
838149
844988
325574
803928
254878
615167
435701
556898
345793
436994
765249
623643
785606
996971
566435
546383
409414
430811
152726
790226
312286
587522
997003
106056
388596
191010
635565
372815
849108
847419
940132
655841
813931
541759
852611
309535
537490
562901
327632
157285
819567
407637
858878
177119
563930
730185
975332
884192
945849
642499
791369
566790
276658
827462
682582
702670
590012
792710
586149
435251
237288
196012
866691
980231
952652
631013
577576
303810
117825
552845
395900
150518
760755
662390
659416
942457
485411
450884
781071
105275
186072
813714
870527
549336
678758
246907
966768
827873
555441
329797
774296
867267
151051
576647
721647
796225
640255
409907
102378
991755
951550
906109
225589
242759
829463
977097
275985
286783
634922
346450
726795
583033
390713
787567
202466
754197
235307
832257
345833
684078
893765
448655
528882
268066
643142
407269
561002
787710
422702
394690
225447
278517
210018
502185
559504
596221
366393
450833
505091
728906
545800
201737
938958
983913
389758
177159
442199
775759
434467
814447
293931
650102
803181
573758
685980
991592
524081
954713
482359
943317
172782
878700
385576
742102
653244
796510
662405
670034
180906
163764
261090
322458
361952
805504
504071
720357
367470
166430
339738
998340
379933
282404
110529
428365
903192
992818
313806
358332
927032
109862
590487
180756
967366
448416
757350
848915
518268
199491
158419
356169
634429
702822
952388
616510
835176
223407
638202
117157
126503
562527
540903
550641
826707
444546
882394
437203
459669
470732
576012
447972
623715
854271
132001
444349
385290
992164
619226
285365
987164
930993
826772
443820
802716
794027
367872
170081
701865
264807
202714
889385
268782
694232
648366
464873
112969
106262
396081
241356
658489
709227
378574
308752
866414
459031
538171
862831
734263
972016
970864
829029
855196
101896
199439
369585
507576
873897
507018
900330
103413
341012
940502
584749
375454
900423
898651
451345
329550
311168
282650
981507
421417
186085
977262
457610
825188
750454
913182
970056
814291
973218
767477
654259
436620
640577
225814
256805
803952
820775
492267
336814
294775
403817
208542
515736
394834
760892
997297
459778
496531
664455
948517
674883
415863
981749
265507
514391
219642
848884
653440
388140
624619
956771
907858
328941
718313
311425
747321
969367
485613
467282
497430
497419
515733
105684
487932
803756
416392
371549
717631
946811
977542
151346
345701
351626
996413
761555
639742
985729
134652
726521
417847
408546
200602
465439
660799
645318
493476
899866
215786
716440
194182
367650
530105
838478
516859
268747
340739
247064
519989
851842
650925
150797
259805
144877
128085
103733
820132
760080
576796
691429
744258
622018
601900
469986
468753
569111
211419
581586
758404
184754
990013
938969
873689
804930
998057
152642
601060
763676
957041
844526
236384
508428
745957
456948
888144
315670
790861
295696
271285
422737
175525
906968
458311
542531
682326
429616
995221
484878
861216
965213
120875
220376
896152
379746
140209
927854
247736
721840
864155
678775
685888
240611
611935
139287
927760
530723
520615
272495
501904
355682
958038
931067
894427
787823
293871
648907
328590
929492
557053
479047
387491
113523
612788
494172
703659
399135
277084
475716
660619
958515
870589
578199
769744
727800
800142
635749
475968
694786
532052
494818
903361
759879
159488
375966
165529
230587
543983
483673
520383
423962
122197
944261
516522
314176
812331
214545
660516
737561
824994
371225
142992
514053
212103
502179
220948
640854
652332
785027
780903
537022
680685
160564
146721
599979
817802
764072
150082
790886
587633
374435
934118
209083
229455
808099
992558
813141
286001
266496
167621
632608
376621
762951
229380
739037
795214
535031
586432
173970
106603
784519
183654
203704
916745
383260
788804
720050
337163
320747
731965
838974
564119
912111
986122
251527
518402
149457
758515
271467
215268
425930
360671
480733
696315
750159
322611
693439
671691
433308
174032
744305
576324
389524
455324
677825
482042
560888
243543
178570
765155
637221
807912
883431
715611
483226
384188
247671
885511
647596
292921
130865
127354
697909
494558
904615
595231
816953
571629
182553
609595
979636
436122
910086
983703
936662
669017
320549
144493
403846
208923
463739
303389
335324
416020
717033
697746
479916
704695
153980
826797
501042
192771
563557
773404
431870
607626
804844
305126
832268
211371
227779
645231
312369
283688
927721
160825
221704
173577
997226
325732
778140
813296
604128
838821
461478
852213
957045
891675
886436
436066
776029
500605
961443
653640
940751
638304
629250
511392
396564
576511
403515
900213
495965
801179
746872
302925
208224
613214
796858
849304
574373
527729
652294
226101
947248
451392
266506
623649
773594
532532
917848
136396
747396
507144
965416
477235
948744
658908
519069
837767
517881
217171
794436
305847
575476
991541
968343
930844
428927
154697
980219
871583
980686
580395
305040
927037
724327
333985
393324
951608
337829
661274
831963
345479
547575
120858
468563
154310
662693
364627
694511
442657
125201
444506
191295
244231
844340
229325
172218
178234
769383
831413
793967
846607
609447
692888
440004
839512
614690
624350
500202
853483
866850
644550
935331
211151
825316
941574
316107
388005
523688
747847
907277
730908
462911
310236
514397
158586
474733
961695
958331
489453
691753
195842
885186
590222
104248
944529
430112
124635
232871
255593
942927
130917
870121
929034
271228
443358
186301
974905
777942
777675
359461
450663
916145
583921
206918
720057
373955
968114
682103
388522
784459
921885
732634
109427
759168
631468
217406
588156
548726
512177
200929
648385
523013
657146
967446
850348
912205
997069
749822
242189
218289
236804
264100
410484
758728
481007
666614
530836
690446
769166
828485
172474
403686
507753
992714
924451
250757
606486
173524
305710
431181
662441
901994
235655
675719
793775
126822
747928
306781
297312
133414
979423
766576
747610
684639
796536
380126
323360
167037
766532
360505
186525
972141
563073
277455
649137
164234
525591
802259
978672
495513
721659
339066
659620
621522
153670
447148
639936
489334
705167
805878
829950
996794
785866
196685
160592
305412
951873
855790
393418
149930
172879
417033
492674
724674
208674
986979
246710
710487
884905
407196
347069
753602
351819
861946
971796
121243
480962
114996
607281
689628
486701
570475
632027
123306
565519
432586
952024
658893
413546
699171
288502
990641
854670
298332
649575
268160
509846
988781
136337
891053
827380
569439
987368
883677
982303
380043
651900
285376
215659
841909
238481
792201
443189
920899
532293
556619
218436
292462
367287
298222
743624
423133
166844
616544
689520
785105
348762
806009
516987
212824
897390
735327
874434
360105
684533
132803
188339
556774
958283
594843
454269
499960
432952
975480
389302
595396
940054
988298
885407
379452
849872
590624
729882
333636
714568
480131
178220
821119
260193
245770
530865
222616
566571
858087
393834
670859
131087
577406
857961
644100
976664
482247
840841
280564
955409
455757
514389
178226
223553
994388
603794
839942
100624
415113
538777
567365
937039
359260
325592
992767
614188
759514
123408
939756
970328
403025
671122
672632
339215
876089
121306
531164
821548
863778
746120
538440
760371
481663
883903
535461
120046
197154
737136
509901
407778
720718
470097
621168
335177
220954
564269
464936
760435
492054
571546
628792
871415
358945
536030
844694
622938
808379
262016
696350
328185
666857
460275
990387
163956
684218
354453
443702
401412
767263
840079
609951
952070
764395
487063
409145
762333
674074
170505
277383
758053
190650
657111
134458
788965
917541
973218
876683
517480
512985
876126
325539
499683
332785
870655
616910
221578
717701
103290
123567
714740
659787
320975
704526
123853
789941
103356
590103
696483
964180
779563
820263
729197
172129
512047
679813
722624
835795
617325
669521
321304
638528
732855
832951
290628
668937
743263
739425
125812
268459
569815
506707
657979
247892
304332
762942
677755
869640
111240
253109
755459
265856
644441
785653
968439
800119
988139
678779
696092
372104
914843
911653
893955
388401
183772
357486
370740
577463
993917
741425
816457
866208
477024
224471
598152
198437
774243
848611
332300
517284
492305
673826
710844
205611
354565
108534
792574
706475
981449
837073
161793
514279
259523
233128
187413
139134
959393
996605
893970
543386
574062
358792
240072
700142
737381
722070
531991
399667
538583
782831
145668
652666
932921
767225
608701
988812
857672
662848
231968
327148
113050
539234
418260
642306
992189
795068
270801
182642
513689
624741
689683
439431
507338
938170
934620
793030
974372
399784
116162
219904
554729
316449
457487
821918
255451
701426
455173
949264
723038
345864
525702
709945
998082
981191
581523
645453
748106
134301
199051
631500
869821
238946
468095
550332
289955
664747
867355
480571
650145
982287
682521
980276
537598
328449
714850
554370
275635
623433
425847
597341
183597
375673
187863
490845
513930
967425
702641
598492
467019
501492
761006
443108
930954
324870
782340
639842
754944
779417
978614
789288
213940
249351
654610
220415
546691
958663
631389
868349
196238
342930
584519
904535
974270
440764
799694
372255
294422
424724
233020
687402
305435
810010
442088
623595
583991
230556
308907
231649
182422
671292
215736
163916
906335
334541
967525
336202
328955
388985
389512
507158
279457
727025
364882
141527
185395
326766
134127
548374
207193
575648
755656
813170
424251
789776
612444
350648
933258
407259
251756
130684
201565
355123
109096
343464
442012
913814
698420
939299
368340
915241
406764
913017
849845
621176
822630
484983
414332
271921
985103
987560
380393
470533
969379
578658
145287
201794
736812
271622
517999
562088
746301
663046
911647
781247
548011
659864
958192
277185
748533
707319
132984
477601
814280
462091
718753
946963
615147
215861
909772
280149
476065
852240
507366
114941
404777
201552
467085
354827
392109
152250
957607
538368
461315
221994
780453
670297
616924
352067
596172
964353
324539
419119
765276
474425
339187
535759
757539
232930
166766
371345
370391
766935
823147
349743
631657
653986
632780
839763
734749
321351
786734
399503
119399
100041
832547
273860
458405
970129
540604
425558
619357
709843
498745
255169
251447
456472
793635
685275
299531
336590
494175
454411
826500
943944
278914
272415
937396
735782
677275
860053
130188
709441
453910
191981
367387
686628
882793
853457
586135
969406
378475
956943
256702
607139
961838
879521
409458
883057
575656
192279
894989
310755
495259
724309
122239
773806
161462
737960
934914
760103
197308
319577
857499
355924
490428
313776
169957
908686
464514
170162
442280
372896
519862
432677
609592
184375
962293
114950
617678
295799
368859
436789
165048
963027
743343
168073
222522
120363
136254
153983
738642
849314
591970
374256
238209
820378
689601
334258
928082
873452
539895
641216
712001
204460
785781
934221
836656
305975
138678
974709
952632
485855
733069
884820
985581
199875
325533
328684
260633
587018
247191
271060
642836
922051
619441
452264
853533
378282
467126
860885
821057
914615
257049
623179
769111
385595
844231
430487
495903
273322
779624
571811
620685
817049
713678
677362
535962
179208
189382
153134
894465
719472
778478
467029
908944
472752
492418
847003
419836
356344
662163
734561
816401
680914
235645
362912
803686
211573
260331
351876
825019
201465
100573
130962
924127
337762
821341
509692
459541
473914
634809
234829
962840
171577
697934
391291
936018
154735
122279
362109
914510
761142
597891
390475
672847
991419
309769
129562
539236
794289
823457
922936
557010
889927
499526
601775
239856
722888
940503
695233
363780
868276
161682
987237
391350
488028
109558
408990
902475
622917
634167
836959
644529
535091
285351
108676
197479
760113
646690
796236
311752
736719
552317
989486
973544
586134
979533
124896
975587
187999
699331
949263
348943
333560
895760
167377
595525
445138
825067
982116
807120
704243
905870
379952
708060
454052
528530
818836
882983
280568
988827
995888
493876
185532
599010
716424
265977
269531
836061
302517
861669
570908
296328
125807
621323
387876
403386
583937
117176
731834
887481
529811
185888
413791
148160
102895
707314
370585
158680
992401
307380
844928
622958
654563
157907
749634
184491
599207
197354
563073
417290
203476
174890
738839
712458
862694
947361
358258
343439
368232
863402
608099
223188
890590
972473
536960
106727
677805
108756
459356
458803
926091
236774
932867
479945
710872
721518
328263
550896
773830
902196
880743
334636
920955
238344
278768
196049
402810
992084
711931
395550
997621
471488
157501
386988
116615
216364
553126
118353
146714
274556
928095
946443
674042
941184
530405
889171
992529
218518
468517
445337
720259
100282
866081
447635
163876
406868
534064
570263
309601
225614
307861
210161
746179
668213
120985
822938
700681
857890
232744
808128
801624
558508
842272
526924
326954
937987
152698
960031
226653
195450
311446
947849
187092
890733
984049
565872
720432
208979
249659
289549
913350
624258
312622
346229
865327
564591
893237
956896
558627
221043
960974
646884
778104
412236
627792
144431
515728
218895
208116
146616
569813
287612
875634
397857
356908
195323
817852
292081
594226
258521
377210
431405
791069
594468
944177
711815
421350
784907
281958
161363
818349
759222
710088
265844
534134
180891
674628
359164
144438
447072
913611
469841
268219
154917
391731
447048
512258
281907
858822
139267
948521
177449
624039
690839
735190
131654
656656
235811
540094
355037
978305
588761
686765
912678
758733
654976
756661
256762
691767
862821
322562
102842
487992
866761
541317
288974
806573
977200
524739
922986
527377
963962
727428
761199
265375
455332
209104
376160
539835
702964
229386
587067
486591
983557
506700
585894
214438
950356
764995
693709
387752
826496
911618
859974
440833
194449
879873
799777
735415
806376
822114
671150
953755
521052
440976
607211
118483
103860
441269
393904
346599
918621
823591
114322
756502
936800
450697
246598
382531
960940
104198
707944
305447
608587
919051
729795
834913
639855
987472
502525
638273
300012
562273
589142
938159
753635
474132
321704
535426
692260
160741
705707
527143
725415
391890
376730
139875
968938
960823
998288
577363
287103
246630
544387
617865
408376
685566
198726
832987
659248
850931
537789
328287
403669
238676
356273
304180
248340
474083
566059
738873
668180
464103
134207
359898
458850
149736
951720
862770
500926
182805
582444
513226
884369
230110
491134
201608
370205
238336
735166
804281
948828
217869
241624
145454
845473
918694
911091
325137
651811
407403
391600
699080
157236
571188
710443
810664
648776
257158
943503
725257
117420
746328
301205
125461
731208
676235
218896
606117
803468
285542
533359
336011
400846
211451
431593
649722
888960
132555
487377
858466
385336
250458
502547
501125
138978
747304
892869
137983
648581
787566
718974
476868
740449
942768
469619
802398
408652
646689
363644
373123
877762
698035
415596
665968
507147
728083
390780
213604
848397
533841
441105
232965
664999
293494
953813
681902
406604
148971
779921
774959
925503
631939
210085
555734
429624
421256
162690
341186
487295
949893
371788
858581
584782
438387
547723
858128
769940
115640
992388
247083
248135
690034
853399
576651
351371
172578
770698
290251
965792
416164
251539
871655
631330
433124
837530
275475
886034
384647
939332
464364
598237
547358
905287
780580
441229
609421
278884
411852
668972
493800
108788
677347
337316
927807
870823
553024
666216
589736
932265
363969
248511
758003
826162
491393
811729
781994
129602
750767
734247
203124
642430
470373
741706
668540
598092
372274
234442
866731
376935
112379
529769
904208
919831
162979
107087
245897
359468
676147
633900
440943
303930
985747
967582
456850
960177
817881
836343
376811
832845
307782
848657
485043
155440
859678
758599
525923
322030
109535
212995
547775
937058
549808
627770
429318
594977
393938
769726
747203
938561
702743
214216
554766
274033
455842
336887
961322
899730
445181
248277
206590
739019
628793
218800
505159
994046
959843
663891
913248
759427
182690
341363
657883
678917
964038
445934
937929
486272
130555
478774
766532
127833
746509
875018
827655
756211
277789
341576
145768
153343
853225
768185
608544
806529
465959
628473
317769
552967
979558
306469
890435
295005
845732
440003
772710
381840
422779
831371
284854
388794
292999
465085
383489
900215
672807
324948
726205
834732
858581
311923
245070
180891
323090
108034
238656
214116
657168
835866
661868
745206
825122
454964
892293
340237
786407
735360
305661
616115
893067
102265
949978
331219
155786
184901
179439
452668
365956
104101
787761
192874
296702
408980
742559
865173
448663
830926
619728
551444
377783
435471
567291
574484
368624
951932
226740
526176
408719
927842
732341
320299
420802
351039
341140
320448
631198
253975
355347
969191
865466
418645
511434
115167
356801
529727
971020
568657
563267
143555
593149
953359
701010
532334
667582
752263
475809
299709
181631
800643
606728
623789
844121
284645
215095
840508
973665
125748
534017
310552
778832
523176
394436
904124
287818
828704
813318
243587
761640
274627
265612
467752
136819
181332
280920
990298
153877
819304
758341
595029
134386
116536
604801
941874
153039
442585
611118
814471
595889
662857
594588
216187
192816
543314
306453
372721
293516
673035
226147
441118
170633
472290
875060
328639
700388
343153
320596
513745
263414
330898
754971
707338
810216
622443
452002
338440
568008
900271
176080
624192
132848
643625
515838
545264
995381
905025
980697
802241
282546
144589
410972
327166
879955
908967
465284
250267
233080
849691
467254
507308
319456
529171
167518
873728
529783
154349
385846
139856
440840
728873
106767
609279
301589
456902
309555
123128
576106
138430
723863
268547
908418
453212
563674
690272
613049
669512
519019
194794
531474
658988
386866
444758
972986
905697
246429
483042
941800
460710
356285
110196
737577
389763
829217
722734
632281
185534
684699
769668
557333
724383
449858
480439
672002
836373
993707
796558
967700
901243
621284
510137
265648
556802
863252
649205
698709
785167
266975
476429
977708
380071
743880
608091
399025
525493
876247
221078
225153
592704
689474
995994
650413
331721
479094
915913
553264
946814
150413
722099
979393
468718
515991
208272
650393
768762
123010
932595
854843
145946
666995
373724
641280
689931
506705
766185
250794
416009
902472
331856
313173
853005
427495
572617
213627
483188
477347
581348
198936
542843
603684
493001
538458
151106
662221
397626
616879
320737
367088
865111
235459
703244
698340
144964
964004
462383
799804
469039
353578
955237
975353
503919
987432
308220
704149
773320
390585
515682
698131
413565
936742
964744
630240
703052
861347
605426
629443
493698
328543
899675
244767
416567
679192
414588
103194
152163
649864
737281
317084
357466
858187
275764
903844
252148
994804
642970
598822
475707
129843
890059
812381
672035
409853
916566
583764
577952
873584
955673
562720
164959
759089
332904
291115
979079
897418
378256
527755
498400
276994
922847
478692
228536
807305
913638
587734
816388
986440
468297
178383
617412
152155
292125
498114
416902
102145
683857
868978
469015
242769
937997
339500
312862
586408
654489
547653
486545
756490
864210
793926
357757
556507
862193
932922
425645
358720
904061
103723
706310
906641
232788
698670
190960
640064
729628
381830
418989
637295
454794
780373
758889
654566
616915
224428
888204
395142
964631
469937
345301
578406
183313
962746
655313
797590
788809
914773
156322
304813
152603
598357
105418
738522
666865
768790
111901
379398
809487
172438
677268
991008
671750
830859
730560
259220
135753
445854
165979
100618
664772
814027
289320
655430
477377
815063
358483
897324
738472
524020
470485
387060
145060
124841
740561
843076
331833
743101
425056
685486
895945
873456
505163
676212
464833
520477
755429
724263
596823
359210
147737
937286
741296
628533
723679
387385
197162
312993
420365
624866
900005
522811
392139
288221
526008
452547
453615
955805
431295
558768
280365
738569
178162
292562
326189
271182
648798
600743
431890
245466
580439
321584
877648
187441
493038
155967
514199
328374
386168
422790
397464
646897
667761
409451
929106
396025
703542
653991
430601
659453
820831
884188
880472
348851
674373
212297
742573
274923
257430
435407
639547
305573
608485
976749
717611
172625
697382
585310
116109
686593
193839
517132
481840
816580
309113
344307
374837
998266
158619
294761
432887
396331
779139
267983
881263
769767
205310
352814
156613
517426
180186
364621
814976
754743
625168
391189
911797
752175
591881
683125
870184
734907
176058
588476
586604
683231
816503
568013
236613
996193
489344
963040
481089
675074
831124
906879
376027
842983
346056
113902
885271
210266
967286
403831
448426
958322
133308
821618
511081
283425
655028
245322
402970
492325
122829
746583
476156
371331
479558
866736
909507
623449
753871
719301
307704
249087
912199
863139
844740
115579
930887
142698
664473
338404
204535
756156
822811
135366
667251
427228
629698
142307
425398
597387
461895
483603
914478
150040
758072
883597
331363
235922
854565
923060
350638
250145
846832
410225
818881
888162
580803
967191
699302
294030
346593
482130
779096
190275
852145
800650
287605
127849
500011
223620
404405
490552
482897
338035
641930
682707
611149
502682
239678
628350
264741
456886
206446
412793
107144
290859
843096
728877
423180
632323
339183
851416
335782
774078
916445
354959
466827
647497
907527
510122
970363
410926
993653
962803
605934
254276
104795
900478
596326
422973
696468
375687
348781
862424
941416
564917
769521
703205
219045
697089
938504
576950
737343
336876
882189
853393
501179
796018
336005
955470
252145
146660
489686
887079
730135
757017
800882
852828
172547
494423
815794
560007
963791
166189
744481
893092
331082
466432
685302
874024
562273
307696
188554
378288
773792
736809
963123
424851
276457
208985
751243
892065
564007
500233
381496
753526
130479
892700
208361
848880
450823
307127
759489
442244
795513
949696
358300
425167
896314
504985
586929
879556
294872
572611
959739
409682
663246
392349
840471
290450
106912
456539
224517
809482
522262
884266
357464
411027
491940
884051
774049
117053
934999
993589
451426
766828
791467
343953
242938
746340
369416
852557
615422
803506
420635
878322
202959
520289
361660
929588
756383
359428
292674
139299
806343
647602
758612
927656
743585
702412
285425
322722
200144
400693
455736
384642
525196
812603
279676
958331
959665
128924
262479
620621
284924
367616
636395
758216
285292
249732
233987
646004
611809
578136
718894
170749
269325
790955
380009
614733
732235
163323
271875
636155
128671
258530
624462
760062
322197
417307
925752
844473
413282
167033
822353
573314
848958
196690
240310
939938
146745
519902
950398
735426
518833
746255
461730
828050
835994
707271
198567
837727
757762
619347
438998
645497
649649
814964
490957
382762
490045
265859
189056
182997
900817
113403
340802
206380
973699
725323
767280
554742
592834
326645
810476
249174
661123
195410
320936
572860
395698
730672
316460
766367
545634
335124
227366
889581
938112
122306
481353
433810
354456
856012
869862
756329
311747
658843
559688
886537
497915
909804
622362
961760
273947
678346
703977
611613
519089
564887
930487
532986
643713
931464
622808
303750
550903
704524
215782
927969
434273
586730
626901
354860
861312
960625
303123
349559
209338
733561
706228
366688
178554
806770
396635
909425
923517
825686
940196
996221
104059
610362
624511
298572
905492
604255
635585
831797
238275
529012
991912
213878
702053
786757
469813
862883
435013
369230
798624
860416
211857
926193
223539
806922
178216
779902
556585
752150
777124
611368
215420
802393
853740
140620
514011
514557
188499
729292
424719
574689
451594
207366
758659
760045
321865
277261
795912
280590
825927
821828
314356
461476
623105
380980
595850
818448
415618
529697
627924
499834
132422
937731
626570
861955
394133
627072
960447
311465
107446
738249
894423
215966
881903
265526
912778
409358
315142
595903
252370
891161
222677
340982
605704
916433
822708
926395
553557
943932
124200
975780
592456
977099
303633
465157
413204
224209
874204
377980
791947
504309
727622
455502
442716
380172
675983
154819
121918
978615
118383
922834
824537
195884
791072
427769
969978
443393
363674
108346
654975
216582
570882
231774
359032
725150
528049
475914
415882
160579
304342
272635
454530
346665
804064
274069
851813
758524
913809
121308
180103
908167
774607
275055
770146
493542
500776
991058
635017
442328
207524
248424
711860
158059
545927
593924
744195
962753
417656
342130
613536
686240
141008
917346
694093
684490
399142
490756
238779
677211
229605
521264
405605
166587
721493
747021
483393
405613
911222
330352
168303
498446
129294
960874
872478
884465
247687
527108
606968
846969
923051
751148
498770
710918
289113
491039
217087
560537
115259
707016
822324
672914
108539
253794
981407
947671
426180
865281
718030
778375
871326
187654
416040
528690
707300
568719
345549
586855
867610
449893
910959
961546
369276
824525
978458
361883
154218
720219
911106
904374
400015
734840
299167
128118
507012
707293
562066
834044
278656
735805
515765
237057
219028
537393
936801
694327
861954
678718
542252
288058
526203
660087
574127
143403
804986
242098
750500
152057
845646
340094
371187
413445
986400
686000
309064
945409
636142
199472
421295
305062
300808
453921
349919
999250
661294
649505
369798
581649
202315
346540
694505
608433
807620
546588
996156
451149
445733
188999
163187
526203
379694
486131
940558
226533
220702
566130
633566
911314
822912
444068
408356
189801
362492
697352
943703
398349
286584
536510
156602
511565
982017
275503
726272
845370
421439
781662
917967
537835
905224
368384
236427
518581
792305
665843
176427
842930
701217
584030
819997
274134
254392
981101
691058
466926
690654
946587
168087
790529
652281
685380
189484
422339
545044
566139
964300
413283
366665
270467
619869
268622
903793
593076
582324
726847
288503
821329
576712
408246
149419
368836
415801
368662
745002
795359
575253
280292
821910
160349
815085
959099
930352
212166
247051
960579
736980
640931
875743
123702
402941
626510
641908
745676
222761
237121
191927
570983
798500
161665
470183
251215
430503
277491
814458
468428
348947
340478
698039
682168
744217
623507
701394
422750
718536
681201
809337
107290
646552
982335
956211
613789
576178
177942
411932
328332
292733
124910
437602
638331
865836
849087
954130
844720
877091
162705
248393
973530
975449
203849
575566
360190
246948
233095
792676
624315
693473
508388
323970
687633
827608
852094
749432
981757
900791
810720
901723
736303
803008
596072
139656
212924
408839
127184
882418
493292
513907
814485
690132
486101
173925
658471
891576
788267
801340
838685
226049
674343
806500
401180
954956
290800
458524
352413
863940
893985
417871
546461
758707
419117
214982
550936
426368
475561
225949
528741
494844
987157
600526
576878
555487
540026
812688
258113
360291
935033
723806
524232
148167
312330
472845
647530
956712
473400
163302
263928
273381
150540
660619
371339
609900
369158
151792
488047
977753
679474
129961
135739
194493
550451
649208
974056
722045
270757
216344
927151
130065
258775
525338
764894
689725
308541
237333
675093
318902
901670
560625
691555
678786
618181
361852
242407
524140
510178
129152
797774
871148
269733
377090
162151
599618
522179
393966
185588
321434
777953
415067
437290
479693
509788
392603
996140
424420
927186
748656
750804
535474
810946
264198
907982
413479
953307
716095
395796
965070
642272
221439
387913
201698
134465
709506
490050
178419
885021
316789
469818
767849
435929
664437
855401
816418
344277
205023
594585
531820
421504
115488
771006
143383
695174
920498
603229
356755
851730
526561
104495
101146
233397
743046
954247
462744
430179
330967
532183
692606
315126
221508
532990
337070
902931
445179
260594
449720
698428
128383
681550
998112
238789
767233
752270
282411
261923
473002
230406
950418
420087
402687
193570
420806
923407
595800
218388
599937
482095
716737
279177
354987
787172
754060
927153
627736
815426
295120
160537
505324
225353
651955
110187
728318
505286
475537
924677
687535
806738
433694
831703
984568
474392
800639
702121
870086
129595
309367
696561
335331
856551
674285
886314
201342
527194
414682
304706
309439
763702
749321
846419
470653
239441
341117
629920
767644
413406
532412
969307
291795
743418
974982
167575
725039
216721
602568
542317
613776
634261
602895
113477
307836
177893
958942
493918
909203
282377
228746
473211
189183
770384
865784
231616
680057
479016
314341
635583
290462
444491
219769
572625
968495
351457
397361
266076
402786
773258
404139
810943
855724
187387
294733
723803
236112
238761
936868
471171
264929
239720
229168
694658
729354
373950
713972
498774
621267
342206
678541
609783
628589
604248
526052
948273
625604
754078
360356
654698
520249
726151
712966
276828
415596
139007
572254
403563
857785
287692
156738
602127
845313
635287
644912
452036
870162
460546
317121
598605
876222
411816
714308
746509
440651
143387
689846
490335
285873
126626
297927
671529
924974
583003
146821
219381
898393
816102
894251
343772
391159
630427
827315
447522
999720
170621
818861
746780
554994
812156
299455
679595
449040
911723
150429
150221
299693
922245
263952
616784
871358
996823
724919
874190
557360
808920
411961
806307
190891
519466
150062
906857
200581
666025
847952
542476
245977
343103
978988
776993
213340
827054
730872
314943
943905
758682
438775
712672
542984
655198
915562
485331
784352
288180
752361
403252
750893
594748
645132
146621
855836
518840
403351
119900
814300
140912
472479
418507
375857
501428
106964
345238
224619
176688
240956
982532
624740
954231
890674
467091
825080
418962
663760
754498
535327
225306
597942
726448
891942
559197
474078
158567
179283
786566
885198
751944
649725
532569
482775
283689
836918
379392
501612
938604
804750
696689
151912
929417
512265
947043
672446
255738
962148
834713
102633
251129
289343
586318
614616
901020
513431
469328
492128
283530
296443
785384
329039
537625
251559
350323
820734
785508
794978
307143
898884
182493
282993
515929
107613
799163
388552
326763
675771
394713
991422
422633
336714
702982
487901
215289
180011
385790
645261
249182
265549
706855
484048
536274
501581
416121
647621
391363
928760
922283
983265
365867
987550
411077
128200
960585
269469
407494
281650
102487
212753
451579
751834
900401
577760
619954
108665
514072
187471
822037
404194
990679
717110
459706
959366
359644
516409
323129
825366
710891
973202
134503
512241
400171
766124
800178
119400
922383
632630
609314
139830
385839
941221
864475
152911
343740
805291
582449
567139
833123
308667
427795
224602
175932
651336
461609
995030
451537
400839
701254
513139
743732
321050
761570
174436
506670
495916
938256
734722
904610
193934
520584
911975
412481
890344
242292
802843
358385
612233
354073
149039
594964
846162
626334
964328
567751
840089
925606
288491
216285
113522
261088
606749
321522
162961
813476
736457
532586
503477
227473
793674
413512
541538
119386
877279
496582
509465
264203
591639
638956
746623
915840
859957
340269
962802
394810
732768
142342
244906
618234
820940
793322
516818
927967
326003
825204
324338
505476
541106
799552
286360
587100
182374
132304
758382
598310
136404
263552
579689
513952
404577
731613
727515
899300
286850
520067
135142
599050
424550
806106
270253
851701
127682
762916
755123
673812
324527
246713
110196
780325
894490
356065
503297
443611
527384
223308
476215
315731
331275
488832
755347
267034
570720
586383
951431
278609
348459
175326
882285
139410
315035
685718
865408
872564
413673
716265
143441
579074
100901
564410
379362
159077
932880
818202
804888
587571
158321
693806
840625
556929
637212
924320
446956
500483
882165
824560
852307
847680
995341
531320
429956
503370
820217
835264
142360
258518
118572
508173
496929
699321
146111
593177
883048
894302
196467
572525
524047
747097
328602
248970
458720
307258
509808
210715
469354
488223
374048
833322
256398
665721
145767
483603
388515
582065
970054
917019
715927
226319
745768
836195
183618
496218
462250
839499
332918
947145
429024
553146
296017
321067
859481
285198
800230
464955
458193
278923
783390
755449
129047
689100
843741
521905
449678
897868
833333
691956
742892
255840
646597
148222
458607
889202
778354
490350
650876
910059
861496
801806
333076
680275
993518
149077
703223
547207
176841
395925
470613
750852
308838
634836
364398
913329
297428
626718
319392
367688
568978
216007
615268
939955
842705
292411
372024
953987
451318
732922
948736
106373
201521
913667
336520
713240
471218
296643
910700
643288
594169
203664
358864
168304
837231
718629
255081
113442
937214
683542
415289
326245
732177
732478
693024
545178
775999
822021
465289
170129
625186
585159
273199
375498
841636
143225
273653
323990
490259
520364
796465
561528
658188
276912
438075
747005
514186
156236
922569
380637
507339
885307
673863
896359
176160
289667
337881
415084
987494
380474
340762
740065
406282
967268
845549
992650
561764
960824
741875
968361
515967
733673
958834
657918
934257
667231
658627
683389
398264
382639
932185
575898
714575
991474
237814
735896
698332
207197
137960
927370
200662
345391
854405
375100
657833
709790
294344
558521
116761
898745
719822
265156
430005
790197
640448
564970
842200
551891
377418
838266
796746
512801
317399
764957
603556
837537
410243
123487
115848
909238
856694
638549
670685
254090
807643
682513
356982
402639
796872
188274
973605
314712
827824
376376
653458
823865
815452
996263
914274
840167
404143
845684
633806
429795
836847
253983
123941
935076
639184
898015
542951
777151
743400
476093
944583
429721
179194
385219
168190
118898
626828
371489
692014
728799
139631
663435
859298
629068
316613
253975
508648
686937
891274
542525
852058
126043
804280
366025
670153
936476
181149
291757
360814
635531
421498
214887
831351
620575
891961
211938
731002
821190
925183
686107
747933
611684
287704
770119
422508
641069
354304
866789
163206
813185
118805
811929
314163
700607
691715
475780
741982
680795
195190
808363
167243
489340
930809
532174
202844
134634
661697
201820
155761
234425
731706
556308
887137
912187
109517
547857
446848
357943
825509
672125
301798
217641
517795
214307
608519
664072
649472
979023
908041
492848
146990
755567
956456
764957
656940
171640
954014
523943
291533
361775
407506
693796
955154
882970
250107
161233
389237
386726
604099
455028
825800
441721
485997
827015
388351
454588
620258
781418
729715
527661
305163
165953
641653
581331
335178
906431
655225
248458
791138
812053
364278
213727
172957
317446
364797
587037
936971
428859
558218
319535
969371
458871
447800
226351
847606
134460
853368
533045
801863
812163
992431
194451
987359
578540
229349
125244
172308
326496
912363
347704
149586
503325
811469
679736
411187
434498
411913
700029
401277
485217
624803
510701
699294
885809
191708
218331
972217
214581
879145
482169
879571
569104
238504
916614
848981
264550
339665
645457
181133
284556
543450
754408
365471
582090
818942
356018
514267
454118
152404
752823
781457
401583
576646
795483
772029
755263
415677
462299
864082
223953
305598
188846
769109
298531
733527
432976
786255
483727
188178
570304
508836
690041
875162
611125
228048
365558
306025
199187
148776
156801
977851
635479
260061
824960
921419
927309
197803
202933
365516
999856
902502
524594
644649
659139
351447
224951
841111
963766
621377
487431
380329
208414
469553
557291
270666
643716
226285
283483
290337
830766
451452
191722
382093
774076
372588
303050
688516
972765
941385
213280
855398
682884
220808
300485
959011
949866
616724
576524
612409
794428
300556
812098
348837
454132
917343
746164
925296
820726
444163
293321
626382
289817
628662
255885
198581
436008
146247
311748
718351
127965
516401
416735
773429
206319
135059
721566
868615
146264
537656
695941
242975
734573
972131
100081
283389
475076
654702
957152
749639
813080
466967
391807
132707
650342
372298
825174
777105
102664
235040
809662
275838
242485
942015
829009
186853
296373
218607
878098
416932
759731
119064
174284
839275
981178
560164
881479
540972
273013
902973
207168
360565
838885
617203
681383
886216
271473
129979
128711
531402
684133
674109
336838
257972
802623
545108
944639
416006
196131
249175
297613
169678
985289
148295
809958
406867
472756
452888
754557
548008
651072
309275
763766
989694
891958
445972
192695
440932
936743
499743
948628
738942
341488
845221
948973
827088
454865
643153
202693
920472
318965
683474
655871
488794
211468
508227
965721
981143
596019
856952
617658
194206
393617
766532
208485
657258
422468
731512
553331
268892
177839
271391
311029
273339
256738
859292
278889
774118
619584
778849
362858
658426
493357
335551
575952
280323
773145
465943
180690
971309
607209
423967
841396
962634
644024
483114
495277
101501
269003
658128
173915
593900
693536
530455
123055
194546
165762
803628
998688
466611
255081
362129
556531
166522
428474
627677
257674
338521
450293
606987
819880
740115
534437
614180
723058
123102
602865
316646
597047
745476
989135
405932
842751
398421
236080
568927
966559
449918
847086
718567
356664
574095
488178
577193
792461
207331
945568
148310
414490
191890
854255
217438
738642
199959
648239
111895
802871
881856
726367
988973
414536
920800
867789
500609
721111
956613
124855
930391
642328
202302
510095
922996
183745
498956
597089
564473
329692
830567
303119
591062
776797
549844
152516
231915
528643
590772
856721
821274
501638
470109
822676
777625
508334
314055
369486
660350
945293
867030
745935
522884
223220
710894
943532
447407
911929
235653
456884
422565
147584
457564
241878
774506
505644
532584
333052
829732
420391
637859
333012
855063
700770
399321
894204
766056
218333
750277
497816
476555
162877
971385
430090
173828
803358
977772
883738
559783
859492
322393
916710
906260
997538
966574
668632
106766
569258
190217
383703
628965
634867
799066
694600
810496
572688
464581
474960
312489
382951
533511
108930
372380
493353
771752
692480
150732
791340
289278
700957
190441
461806
417566
731109
415870
409978
611757
543330
858737
236828
364249
914900
888445
645583
329004
161825
530202
534795
630551
145185
617984
222794
830508
529174
499792
577073
366068
620606
785472
780373
648157
420368
737814
342432
528346
211444
854951
344152
774923
747500
966581
459552
379318
849166
875849
376465
526265
862355
911925
860046
103358
880111
898991
703851
797786
300186
372634
267730
399710
780321
652616
290558
319492
197161
225088
210389
914372
825860
264456
912037
537726
598344
272504
525328
490454
707266
804288
465514
118976
304395
471824
311175
581446
146712
672412
215204
872187
914049
863948
271833
133097
263651
243349
626662
108123
718663
727367
143588
606956
697010
528779
188344
654854
260564
370994
288021
805195
112943
174805
997108
645840
266198
390159
939433
331987
121362
153879
961901
751692
854211
939742
728013
521789
836908
834714
153458
864189
624832
186745
230166
549523
586809
925559
747097
477044
377468
208325
584911
910010
813188
617473
667997
224871
345437
297820
407637
120307
381576
465239
875807
510550
611454
929476
390998
246520
546678
275254
526842
905026
608025
185729
980153
100105
238308
724154
483448
181724
963239
985406
158505
170666
812419
335800
825040
735143
791907
551647
111245
424737
391792
607041
362748
694978
303682
542941
544983
924683
862036
922888
810033
717866
365360
724549
240505
890325
219822
551023
412212
849246
563818
851283
241194
380588
937426
776333
119640
316722
269255
133048
623593
300140
792527
875145
588311
385142
959089
853892
168961
729740
226757
421963
886798
782731
757029
775479
312839
313614
733937
401444
592661
124099
383417
121974
655967
636713
410252
228576
501803
136574
868776
838420
667279
963317
851778
879867
287545
679300
457227
791913
694979
274584
465606
914122
197033
585481
429251
124207
915487
723131
320914
743857
602356
946421
927277
472473
975829
325957
392104
301336
314295
322725
234108
162511
592962
230201
767715
509964
781147
904133
302604
292983
520664
262595
990457
549177
754232
333746
882951
595016
442207
317257
417004
964296
199306
920141
859794
761816
317661
863207
122939
826006
382273
870535
949167
780842
518425
244028
691767
500245
829157
131598
527090
432299
147848
998722
478639
868453
968111
198212
706657
337636
950444
647107
871054
393159
246537
548459
287578
969655
902711
626024
472355
811516
400025
414075
826650
722451
916806
569225
936947
139959
510956
241231
352985
975214
866841
743986
238607
608159
857917
736329
740069
716797
820976
907792
222183
350986
911665
529801
277570
657751
180320
126468
120335
933789
839011
679375
341148
822295
129533
846185
663885
538386
707661
733447
912619
447522
484563
655197
471150
914600
479492
397747
457908
358809
436174
530474
314226
689409
622282
105373
355206
713624
879562
756562
800458
930281
105858
135449
310307
766496
571908
321293
744383
446843
840812
792944
757109
928151
676810
601498
277156
321717
853806
748302
303577
529912
501151
337632
974994
310486
348693
527702
472450
207305
308201
744633
406256
886298
953973
510311
384627
505471
833606
254067
328008
749336
145580
444705
715495
273620
282424
593368
796682
842836
680249
240779
511762
823582
537327
560362
801583
526386
593533
696299
312115
447412
260613
346019
549228
846054
993451
586246
710309
173761
211148
552318
569354
687634
607208
377893
270315
360204
163771
956351
308168
652125
194981
902568
535473
513884
264570
664171
288890
588179
338152
155635
487753
797477
501177
926371
107987
902544
732018
418783
156885
438833
829961
184016
545200
379729
371066
757548
475403
906433
304021
227279
692476
223218
988828
746954
356073
152596
893623
230928
665527
271509
452706
552570
661881
489200
631336
930952
525474
346163
385962
675330
904605
520955
355629
534364
932823
126553
200731
967044
912706
753960
670038
450032
769364
358291
462599
362461
829325
564375
535617
496489
102568
278095
117212
771353
538866
782455
303951
836008
960079
624184
834507
856624
963274
173465
130995
551549
759131
391462
439815
956648
622104
537417
489924
705235
647373
981547
969569
275765
576373
606690
883387
893650
671837
868087
519793
749126
926122
719640
620836
333545
307092
949913
918966
130967
673567
747755
636483
227547
783383
648028
635128
983448
966988
921131
448154
492592
922581
602379
317177
796407
783800
167106
355081
535053
391284
766688
704427
845197
446234
726823
837896
523040
382226
648180
107282
870422
867926
745422
915608
349068
619881
779807
659336
580162
731064
372619
683168
927232
446513
574122
586515
146428
480318
553811
980775
169544
354534
279255
882257
295824
865848
719582
108811
379042
581610
560779
718259
477639
680838
527101
886570
370008
573326
837000
948820
550592
611644
789326
247759
726570
611256
812743
933571
553995
404135
479600
391599
336956
461902
949448
472014
874759
135103
387955
952792
442090
304258
443257
428461
432338
513530
351545
252210
545666
945286
176285
894389
478496
451741
688805
691574
725916
831684
997235
969183
683600
603628
148419
235011
978036
678269
141511
205117
620690
492495
869342
717042
909527
740107
221607
590993
740663
502855
706878
548524
341955
390723
533330
444356
579362
417625
863933
207419
395919
714258
613277
128173
530089
703812
655115
711101
840930
792684
345897
526551
678245
383271
691374
991691
933011
391852
163952
987687
155830
681698
501213
594246
993986
922989
393807
454869
993376
261588
207843
307561
306775
751443
942783
737303
468629
126023
285555
558704
493946
623041
370993
723006
104080
145949
675352
916895
170229
272216
277680
441635
630247
871610
531658
211658
454966
279716
440857
696321
582469
814621
594907
174205
355100
488200
701470
199360
184252
974609
816911
538178
525665
388153
985036
233255
899950
733623
150174
692957
986536
171041
452027
931638
878773
622585
194350
358707
630012
754461
739120
536825
831444
714929
718509
974001
141413
139986
611386
592244
335807
143499
829176
409106
898292
207152
649420
499469
326645
459840
225850
579861
758650
542830
485913
466717
628773
672403
326398
500366
965855
194576
113930
100565
407184
736429
253700
626190
859409
173004
629248
892881
860030
821421
789397
978859
617854
277563
817987
182991
420308
287646
779041
135136
724717
522033
709449
699502
430893
515844
966970
298290
298233
366268
337616
617293
897834
474514
602247
738360
525116
223273
732809
888729
776414
372036
426979
185513
163479
462067
194393
108378
575260
370619
275404
519762
564632
145955
167373
178425
894208
581636
649585
353242
583364
276137
533942
142440
375567
115691
509262
630006
994340
377685
673248
191761
851638
636775
991548
810800
147813
165793
522635
498177
323749
640482
425703
525338
623825
200935
299031
707831
732976
904007
859293
303313
674456
695524
853293
994964
292242
437048
702019
417721
312309
859310
710205
156937
510523
653505
424290
982435
895610
413918
215168
636105
854106
662459
850222
559412
550956
486817
325445
241756
181018
218713
403330
731127
226665
325251
928169
749355
402451
325004
149060
392499
312925
982848
414820
560505
761423
592844
101301
174795
841256
925305
632727
502936
669806
312482
462304
515947
230354
738191
499663
135854
998559
657239
188443
237552
242792
417734
511657
701023
903563
966496
608615
882167
897735
122196
163686
219009
705794
623270
687441
433788
433066
385927
267860
360292
622272
196120
932170
555098
482030
109040
860930
118855
958822
754859
561336
795551
700171
954978
308997
729125
994344
495560
426312
837865
256473
809938
250169
115546
916785
122794
780170
677660
801417
944447
296169
432244
689418
917500
717225
362031
653900
343410
763745
332337
835184
155445
493711
766759
871580
863442
584820
478440
441549
390734
876079
115641
644609
984589
171919
969068
254014
703069
107612
253281
783243
153741
427473
463541
535540
635169
171773
407940
947252
614740
809723
834493
489422
582418
206272
164091
160269
803430
425276
819194
637364
858775
762554
614839
794082
278638
803536
832381
888683
345136
388164
237716
656943
869707
404749
420749
527172
504037
460059
851461
804248
896854
801303
423517
127966
229615
398407
100066
979784
900404
786118
229875
586399
988577
362160
206529
111198
646478
807679
454416
494066
681788
977777
903243
368984
628903
590806
226972
200401
262806
591784
922605
656660
983297
996500
450062
894666
637640
443717
705703
298546
305551
108947
257718
298575
311629
652201
410581
273593
640759
240899
649575
171286
220005
130007
780501
701833
627734
105486
474318
706255
197827
581835
963972
543824
740934
415614
328712
968974
404809
878071
635303
453551
433970
542352
690460
317190
457751
556885
273065
949520
482734
546722
361832
833739
953890
306204
325071
655034
950062
487869
606051
574014
329197
601690
207846
169681
450569
408144
759209
482622
283609
399356
198201
363943
545975
176886
960054
694008
513449
841682
572412
927943
956664
795541
462380
490209
885317
453860
145652
538064
845066
229247
224196
403291
841513
956055
132615
557604
578583
608308
749706
259529
244853
292252
328443
640539
684790
775823
660557
365472
102614
625475
895621
489551
487721
981020
858551
257027
948027
886763
815520
188159
803597
326893
130408
326620
380275
992015
726908
594580
717113
917353
780341
229541
521559
725786
232662
144346
768862
478715
924603
988202
918269
700790
671060
124790
244287
587091
855606
280579
652601
929888
294643
762993
336475
543777
711589
535708
255299
496304
295736
487808
585645
362706
328339
377286
639237
271109
515771
419697
440947
905987
203813
809256
775104
351846
152948
179940
522626
398949
805886
194825
531568
186506
772413
692046
418535
427769
260125
953213
119817
927039
783153
197987
743622
152429
891915
417011
773809
245758
597614
165614
293190
525467
753399
131588
294109
464432
196149
289993
684722
392711
856716
656808
237055
740473
440681
338299
244031
897722
235123
772166
476930
680360
645654
195011
741672
606935
887220
798553
549266
120071
795988
277859
386269
599326
180374
292432
829790
748439
909895
798479
268382
489001
399545
291702
532441
898671
672468
567451
577733
460534
223836
247091
866262
521055
639968
244306
830514
983305
314958
180590
389637
680727
191529
734464
800467
395319
593832
357150
950852
844429
709443
173664
818493
843414
677643
773160
166317
930398
240481
513901
130224
408745
561995
706834
989375
386047
505174
589860
384494
173366
520631
616810
142600
649253
725549
235505
447132
577808
128462
216166
750428
515018
438826
998487
127820
186294
115147
652355
542299
558632
984897
118214
477704
920579
477913
263152
140167
998939
412481
956222
269127
106558
966016
529100
459341
698462
430144
358964
531629
351301
425751
901520
801071
912909
929419
789467
161524
647729
239982
163108
728176
653808
932701
587165
848796
532830
796963
569687
487625
332053
909115
875767
699420
454314
679593
579307
405994
378386
551788
170988
298097
734788
414714
735050
420967
696697
978168
841653
274657
336079
287462
300420
310730
277507
890618
593864
984469
869665
956242
810539
678781
397818
753574
459416
871004
432560
750024
555870
938741
609802
357296
817212
603073
614669
781228
529411
930177
715142
234593
181380
299947
361951
189211
612670
141651
564382
592738
304448
742351
565004
355496
978357
984127
627837
466234
329183
484335
286228
353909
611801
411685
842222
138921
819217
842518
567718
179876
388353
491839
700663
701890
701171
822034
921851
961518
179918
406850
845247
177543
707656
544088
561122
754329
813599
792324
394582
121159
955079
681965
209716
477867
228306
849107
189089
218936
796685
305341
139614
582523
996822
149723
587276
747492
435967
690962
283149
272551
767214
823029
152186
247536
867868
615085
938563
496901
824844
458970
946485
250036
243708
198980
778531
355641
818859
158959
349156
144582
440945
714284
725247
239483
700808
601776
261991
459371
317127
266672
473145
860977
612284
230003
459186
332278
762311
